Satellites, Paused, Filtered, Course, Latitude, Longitude, Altitude, Horz_Accuracy, Vert_Accuracy, Real Speed, Calculated Speed, Last_Distance, Total_Distance
6, false, false, 351.77124, 44.808858, 20.461295, 173.0, 16.92, 16.92, 0.18, 0.18, 0.0, 0.0
6, false, true, 354.1223, 44.80886, 20.461291, 173.0, 16.92, 15.98, 0.43, 0.0, 0.0, 0.0
7, false, false, 334.98413, 44.808856, 20.461306, 173.0, 15.04, 15.98, 0.62, 0.62, 0.8981288, 0.8981288
7, false, true, 334.98413, 44.808856, 20.461306, 173.0, 15.04, 15.98, 0.62, 0.0, 0.0, 0.8981288
7, false, true, 334.98413, 44.808856, 20.461306, 173.0, 15.04, 15.98, 0.62, 0.0, 0.0, 0.8981288
6, false, false, 320.0647, 44.808834, 20.461321, 173.0, 13.16, 14.1, 0.87, 0.87, 2.7175756, 3.6157043
5, false, false, 321.08643, 44.80884, 20.461314, 173.0, 12.22, 10.81, 0.93, 0.93, 0.86673534, 4.4824395
5, false, false, 313.786, 44.808843, 20.4613, 173.0, 12.22, 9.4, 0.87, 0.87, 1.1566095, 5.639049
5, false, true, 313.786, 44.808843, 20.4613, 173.0, 12.22, 9.4, 0.87, 0.0, 0.0, 5.639049
5, false, true, 313.786, 44.808843, 20.4613, 173.0, 12.22, 9.4, 0.87, 0.0, 0.0, 5.639049
5, false, false, 326.6565, 44.808868, 20.461267, 172.0, 11.28, 7.05, 1.06, 1.06, 3.812288, 9.451337
5, false, false, 331.65527, 44.808879, 20.461261, 173.0, 11.28, 6.58, 1.37, 1.37, 1.3113261, 10.762663
6, false, false, 334.41284, 44.808885, 20.461262, 172.0, 10.81, 6.58, 1.18, 1.18, 0.6714448, 11.434108
6, false, false, 330.20508, 44.808893, 20.461252, 173.0, 10.81, 6.58, 1.31, 1.31, 1.1900336, 12.624142
6, false, false, 341.05957, 44.808905, 20.46125, 172.0, 10.34, 6.58, 1.62, 1.62, 1.3428895, 13.9670315
7, false, false, 334.70947, 44.808939, 20.461213, 172.0, 9.87, 6.58, 1.0, 1.0, 4.779473, 18.746504
7, false, false, 326.22803, 44.808955, 20.461176, 172.0, 9.4, 6.58, 1.06, 1.06, 3.4247415, 22.171246
7, false, false, 329.47998, 44.808974, 20.461144, 171.0, 8.93, 6.58, 1.25, 1.25, 3.2964349, 25.46768
7, false, false, 329.96338, 44.808988, 20.461122, 171.0, 8.46, 6.58, 1.18, 1.18, 2.3344011, 27.802082
7, false, true, 329.96338, 44.808988, 20.461122, 171.0, 8.46, 6.58, 1.18, 0.0, 0.0, 27.802082
7, false, true, 329.96338, 44.808988, 20.461122, 171.0, 8.46, 6.58, 1.18, 0.0, 0.0, 27.802082
7, false, false, 319.9054, 44.80903, 20.461058, 170.0, 7.99, 6.33, 0.62, 0.62, 6.886052, 34.688133
7, false, true, 319.9054, 44.80903, 20.461058, 170.0, 7.99, 6.33, 0.62, 0.0, 0.0, 34.688133
7, false, true, 319.9054, 44.80903, 20.461058, 170.0, 7.99, 6.33, 0.62, 0.0, 0.0, 34.688133
7, false, false, 314.42322, 44.809047, 20.461039, 170.0, 7.05, 6.33, 0.62, 0.62, 2.4141607, 37.102295
7, false, true, 296.3617, 44.809047, 20.461038, 170.0, 7.05, 6.33, 0.31, 0.0, 0.0, 37.102295
7, false, true, 308.45215, 44.809051, 20.46104, 170.0, 6.8, 6.33, 0.56, 0.0, 0.0, 37.102295
7, false, false, 327.5354, 44.809067, 20.461044, 170.0, 6.58, 6.33, 0.87, 0.87, 2.257483, 39.35978
7, false, false, 333.5339, 44.809075, 20.461049, 170.0, 6.58, 6.33, 0.87, 0.87, 0.9730453, 40.332825
7, false, false, 336.9342, 44.809085, 20.461048, 170.0, 6.58, 6.33, 1.0, 1.0, 1.1140926, 41.44692
7, false, false, 332.42432, 44.809094, 20.461048, 170.0, 6.33, 6.33, 1.06, 1.06, 1.0001525, 42.44707
7, false, false, 335.2478, 44.809103, 20.461054, 170.0, 6.33, 6.33, 0.87, 0.87, 1.1070668, 43.55414
7, false, true, 343.54245, 44.809108, 20.461063, 170.0, 6.33, 6.33, 0.06, 0.0, 0.0, 43.55414
7, false, true, 296.77368, 44.80911, 20.46107, 170.0, 6.33, 6.33, 0.25, 0.0, 0.0, 43.55414
7, false, false, 284.99084, 44.809111, 20.461074, 170.0, 6.11, 6.11, 0.56, 0.56, 1.81483, 45.36897
7, false, false, 306.93054, 44.809121, 20.461075, 169.0, 6.11, 6.11, 0.87, 0.87, 1.1140926, 46.483063
7, false, false, 327.90344, 44.809132, 20.461081, 169.0, 5.86, 6.11, 1.0, 1.0, 1.3113254, 47.794388
7, false, false, 343.24036, 44.809142, 20.461091, 169.0, 5.86, 6.11, 0.87, 0.87, 1.3640947, 49.15848
7, false, false, 344.28406, 44.80915, 20.461099, 169.0, 5.86, 6.11, 0.56, 0.56, 1.0912757, 50.249756
6, false, true, 331.78165, 44.809153, 20.461098, 169.0, 5.86, 6.11, 0.31, 0.0, 0.0, 50.249756
6, false, true, 286.91345, 44.809154, 20.461096, 170.0, 5.86, 6.11, 0.12, 0.0, 0.0, 50.249756
7, false, false, 287.9077, 44.809156, 20.461084, 170.0, 6.11, 6.11, 0.93, 0.93, 1.3611217, 51.610878
7, false, false, 297.21863, 44.809163, 20.461073, 170.0, 5.86, 6.11, 1.0, 1.0, 1.1671985, 52.778076
7, false, true, 310.4077, 44.809177, 20.461056, 170.0, 5.86, 6.11, 0.31, 0.0, 0.0, 52.778076
7, false, false, 312.39075, 44.809183, 20.461049, 170.0, 5.86, 6.11, 0.62, 0.62, 2.9230874, 55.701164
7, false, true, 324.05273, 44.809189, 20.461042, 170.0, 5.86, 6.11, 0.43, 0.0, 0.0, 55.701164
7, false, false, 329.60632, 44.809196, 20.461035, 169.0, 5.86, 6.11, 0.75, 0.75, 1.8203411, 57.521507
7, false, true, 338.67004, 44.809202, 20.46103, 169.0, 5.86, 6.11, 0.31, 0.0, 0.0, 57.521507
7, false, true, 327.464, 44.809207, 20.461021, 169.0, 5.86, 6.11, 0.31, 0.0, 0.0, 57.521507
7, false, true, 338.71948, 44.809215, 20.461014, 169.0, 5.86, 6.11, 0.43, 0.0, 0.0, 57.521507
7, false, false, 348.1897, 44.809224, 20.461009, 169.0, 5.64, 6.11, 0.56, 0.56, 3.729937, 61.251446
7, false, true, 346.14075, 44.809239, 20.460997, 170.0, 5.64, 6.11, 0.18, 0.0, 0.0, 61.251446
7, false, false, 358.2312, 44.80925, 20.460993, 170.0, 5.64, 5.86, 0.93, 0.93, 3.1544085, 64.40585
7, false, true, 342.92175, 44.809258, 20.460986, 170.0, 5.64, 5.86, 0.37, 0.0, 0.0, 64.40585
7, false, true, 319.88342, 44.809263, 20.460975, 170.0, 5.64, 5.86, 0.37, 0.0, 0.0, 64.40585
7, false, true, 291.47278, 44.809266, 20.460964, 170.0, 5.64, 5.86, 0.37, 0.0, 0.0, 64.40585
7, false, true, 294.73026, 44.809271, 20.460953, 170.0, 5.64, 5.86, 0.43, 0.0, 0.0, 64.40585
7, false, false, 306.26038, 44.80928, 20.460943, 170.0, 5.64, 5.86, 0.68, 0.68, 5.1729765, 69.57883
7, false, false, 320.74036, 44.809292, 20.460936, 170.0, 5.64, 5.86, 0.93, 0.93, 1.4439409, 71.022766
7, false, false, 335.51147, 44.809302, 20.460932, 170.0, 5.64, 5.86, 0.75, 0.75, 1.1554538, 72.17822
8, false, false, 328.62854, 44.80932, 20.46091, 170.0, 5.64, 5.86, 0.93, 0.93, 2.651438, 74.82966
8, false, true, 329.64478, 44.809328, 20.460899, 170.0, 5.64, 5.86, 0.31, 0.0, 0.0, 74.82966
8, false, false, 328.34286, 44.809349, 20.460897, 171.0, 5.39, 5.86, 0.56, 0.56, 3.3828235, 78.21248
8, false, false, 334.16016, 44.809366, 20.460894, 171.0, 5.39, 5.86, 0.75, 0.75, 1.9040252, 80.1165
8, false, false, 335.4126, 44.80938, 20.460892, 172.0, 5.17, 5.86, 0.5, 0.5, 1.5638169, 81.68032
8, false, true, 335.42908, 44.809395, 20.460888, 172.0, 5.17, 5.86, 0.31, 0.0, 0.0, 81.68032
8, false, true, 323.80005, 44.80941, 20.460885, 173.0, 5.17, 5.64, 0.37, 0.0, 0.0, 81.68032
8, false, true, 311.59424, 44.809422, 20.46088, 173.0, 5.17, 5.64, 0.31, 0.0, 0.0, 81.68032
8, false, true, 301.734, 44.809441, 20.460869, 174.0, 4.92, 5.64, 0.18, 0.0, 0.0, 81.68032
8, false, true, 300.34424, 44.809451, 20.460865, 174.0, 4.92, 5.64, 0.12, 0.0, 0.0, 81.68032
8, false, true, 312.97852, 44.809461, 20.460861, 175.0, 4.92, 5.64, 0.31, 0.0, 0.0, 81.68032
8, false, true, 324.4922, 44.80947, 20.460858, 175.0, 4.7, 5.64, 0.18, 0.0, 0.0, 81.68032
8, false, false, 326.96408, 44.809479, 20.460852, 175.0, 4.7, 5.64, 0.62, 0.62, 11.447697, 93.12802
7, false, true, 325.5304, 44.809486, 20.460846, 176.0, 4.7, 5.64, 0.25, 0.0, 0.0, 93.12802
7, false, true, 325.5304, 44.809486, 20.460846, 176.0, 4.7, 5.64, 0.25, 0.0, 0.0, 93.12802
8, false, false, 324.88766, 44.809502, 20.46083, 176.0, 4.7, 5.39, 0.56, 0.56, 3.0922065, 96.22023
8, false, false, 326.36536, 44.809514, 20.460821, 176.0, 4.7, 5.39, 0.87, 0.87, 1.5116943, 97.731926
8, false, false, 334.39636, 44.809527, 20.460815, 176.0, 4.7, 5.39, 0.81, 0.81, 1.5206397, 99.25256
8, false, true, 325.21176, 44.809534, 20.460807, 176.0, 4.7, 5.39, 0.43, 0.0, 0.0, 99.25256
8, false, true, 321.80054, 44.809538, 20.460796, 176.0, 4.7, 5.39, 0.43, 0.0, 0.0, 99.25256
8, false, true, 316.34583, 44.809543, 20.460787, 176.0, 4.7, 5.39, 0.31, 0.0, 0.0, 99.25256
8, false, false, 311.11633, 44.809558, 20.460762, 175.0, 4.45, 5.39, 0.81, 0.81, 5.4264703, 104.67903
8, false, false, 315.0055, 44.809572, 20.460748, 175.0, 4.45, 5.39, 1.06, 1.06, 1.909728, 106.58876
8, false, false, 319.37256, 44.809589, 20.460735, 175.0, 4.45, 5.39, 1.12, 1.12, 2.1509516, 108.739716
8, false, false, 322.67395, 44.809604, 20.460725, 176.0, 4.45, 5.39, 1.0, 1.0, 1.8451085, 110.58482
8, false, false, 327.61227, 44.809619, 20.460718, 176.0, 4.45, 5.39, 0.87, 0.87, 1.7564929, 112.34132
8, false, false, 328.4198, 44.809631, 20.460713, 176.0, 4.45, 5.39, 0.75, 0.75, 1.3909601, 113.73228
8, false, false, 325.79956, 44.809643, 20.460706, 176.0, 4.45, 5.39, 0.93, 0.93, 1.4439397, 115.176216
8, false, false, 324.3219, 44.809655, 20.460694, 176.0, 4.45, 5.39, 1.12, 1.12, 1.636909, 116.813126
8, false, false, 328.255, 44.809683, 20.460669, 176.0, 4.23, 5.17, 0.93, 0.93, 3.6868966, 120.50002
8, false, false, 328.48572, 44.809694, 20.460659, 177.0, 4.23, 5.17, 0.75, 0.75, 1.4560499, 121.95607
8, false, false, 335.3302, 44.809704, 20.46065, 177.0, 4.23, 5.17, 0.56, 0.56, 1.3197882, 123.275856
8, false, false, 339.94995, 44.809715, 20.460643, 177.0, 4.23, 5.17, 0.75, 0.75, 1.3419851, 124.61784
8, false, false, 336.6925, 44.809729, 20.460635, 177.0, 4.23, 5.17, 0.93, 0.93, 1.6795838, 126.297424
8, false, false, 342.19116, 44.809741, 20.460629, 178.0, 4.23, 5.17, 0.62, 0.62, 1.4154884, 127.71291
8, false, false, 344.6411, 44.809755, 20.460625, 178.0, 4.23, 5.17, 0.81, 0.81, 1.5876456, 129.30055
8, false, false, 337.53296, 44.809766, 20.46062, 178.0, 4.23, 5.17, 0.75, 0.75, 1.2848082, 130.58536
8, false, true, 346.23413, 44.809779, 20.460614, 179.0, 4.45, 5.17, 0.18, 0.0, 0.0, 130.58536
8, false, true, 336.3629, 44.809788, 20.460608, 179.0, 4.45, 5.17, 0.31, 0.0, 0.0, 130.58536
8, false, true, 327.39807, 44.809796, 20.460599, 179.0, 4.45, 5.17, 0.25, 0.0, 0.0, 130.58536
8, false, true, 330.89172, 44.809805, 20.46059, 179.0, 4.45, 5.17, 0.18, 0.0, 0.0, 130.58536
8, false, true, 318.92212, 44.809816, 20.460584, 179.0, 4.45, 5.17, 0.43, 0.0, 0.0, 130.58536
8, false, true, 307.1997, 44.809826, 20.460578, 179.0, 4.45, 5.17, 0.25, 0.0, 0.0, 130.58536
8, false, false, 282.98035, 44.809833, 20.46057, 180.0, 4.45, 5.17, 0.68, 0.68, 8.430988, 139.01634
8, false, true, 272.30713, 44.809837, 20.460561, 180.0, 4.45, 5.17, 0.43, 0.0, 0.0, 139.01634
8, false, true, 285.78735, 44.809845, 20.460552, 180.0, 4.45, 5.17, 0.43, 0.0, 0.0, 139.01634
8, false, false, 314.41223, 44.809869, 20.460543, 180.0, 4.45, 5.17, 0.87, 0.87, 4.535077, 143.55142
8, false, false, 316.0437, 44.809881, 20.460535, 180.0, 4.45, 5.17, 0.62, 0.62, 1.4760855, 145.02751
8, false, true, 306.90308, 44.809889, 20.460529, 180.0, 4.45, 5.17, 0.12, 0.0, 0.0, 145.02751
8, false, false, 308.92453, 44.809897, 20.460521, 180.0, 4.45, 5.17, 0.62, 0.62, 2.0947587, 147.12227
8, false, false, 317.14233, 44.809907, 20.460512, 180.0, 4.45, 5.17, 0.62, 0.62, 1.3197869, 148.44206
8, false, true, 319.15833, 44.809916, 20.460503, 181.0, 4.45, 5.17, 0.37, 0.0, 0.0, 148.44206
8, false, false, 319.28467, 44.809927, 20.460492, 181.0, 4.45, 5.17, 0.87, 0.87, 2.7281773, 151.17024
8, false, false, 322.08618, 44.809939, 20.460479, 181.0, 4.45, 5.17, 0.87, 0.87, 1.6840162, 152.85426
8, false, false, 320.00977, 44.809967, 20.460451, 181.0, 4.45, 5.17, 1.0, 1.0, 3.8194475, 156.6737
8, false, true, 301.78894, 44.809976, 20.460441, 181.0, 4.45, 5.17, 0.43, 0.0, 0.0, 156.6737
8, false, false, 310.62195, 44.809987, 20.460429, 181.0, 4.45, 5.17, 1.06, 1.06, 2.822873, 159.49658
8, false, false, 314.14853, 44.81, 20.460418, 182.0, 4.45, 5.17, 0.81, 0.81, 1.6864947, 161.18307
9, false, false, 312.8192, 44.810015, 20.460407, 182.0, 4.45, 4.92, 1.18, 1.18, 1.8803811, 163.06346
9, false, false, 305.5957, 44.810029, 20.460392, 182.0, 4.45, 4.92, 1.43, 1.43, 1.9566609, 165.02013
8, false, false, 317.93335, 44.810045, 20.460378, 182.0, 4.45, 4.92, 1.37, 1.37, 2.0947573, 167.11488
8, false, false, 324.4757, 44.810061, 20.460367, 182.0, 4.45, 4.92, 1.37, 1.37, 1.9795618, 169.09445
8, false, true, 315.49988, 44.810067, 20.460356, 182.0, 4.45, 4.92, 0.31, 0.0, 0.0, 169.09445
8, false, false, 305.89233, 44.810088, 20.460336, 182.0, 4.45, 4.92, 0.56, 0.56, 3.8751242, 172.96957
8, false, false, 311.3086, 44.810097, 20.460324, 182.0, 4.45, 4.92, 0.81, 0.81, 1.378928, 174.3485
8, false, false, 314.81873, 44.810107, 20.460312, 182.0, 4.45, 4.92, 0.81, 0.81, 1.4615339, 175.81003
8, false, false, 312.06665, 44.810116, 20.460301, 182.0, 4.45, 4.92, 0.56, 0.56, 1.3257111, 177.13574
8, false, true, 312.06665, 44.810116, 20.460301, 182.0, 4.45, 4.92, 0.56, 0.0, 0.0, 177.13574
8, false, false, 309.57825, 44.81015, 20.460273, 183.0, 4.45, 4.92, 0.87, 0.87, 4.3797426, 181.51549
8, false, false, 309.9408, 44.810163, 20.460261, 183.0, 4.45, 4.92, 0.93, 0.93, 1.7286386, 183.24413
8, false, false, 320.64697, 44.810179, 20.460253, 183.0, 4.45, 4.92, 1.18, 1.18, 1.8873163, 185.13144
8, false, false, 322.3828, 44.810194, 20.460245, 184.0, 4.45, 4.92, 0.81, 0.81, 1.7830114, 186.91444
8, false, false, 317.6422, 44.810203, 20.460231, 184.0, 4.45, 4.92, 0.87, 0.87, 1.4922628, 188.40671
8, false, false, 309.03442, 44.810223, 20.460208, 184.0, 4.23, 4.92, 0.75, 0.75, 2.8723147, 191.27902
8, false, false, 311.4734, 44.810231, 20.460194, 184.0, 4.23, 4.92, 0.87, 0.87, 1.4201783, 192.6992
8, false, false, 304.7058, 44.810236, 20.460178, 184.0, 4.23, 4.92, 0.87, 0.87, 1.3822987, 194.0815
8, false, false, 307.66663, 44.810242, 20.460164, 184.0, 4.23, 4.92, 0.93, 0.93, 1.2927186, 195.37422
8, false, false, 311.26465, 44.81025, 20.460151, 183.0, 4.23, 4.92, 0.81, 0.81, 1.3593909, 196.73361
8, false, false, 316.41724, 44.810259, 20.46014, 183.0, 4.23, 4.92, 0.81, 0.81, 1.3257098, 198.05933
8, false, false, 318.83972, 44.810269, 20.46013, 183.0, 4.23, 4.92, 1.0, 1.0, 1.364086, 199.42342
8, false, false, 319.24622, 44.810277, 20.460118, 183.0, 4.23, 4.92, 0.93, 0.93, 1.3005753, 200.724
8, false, false, 326.35437, 44.810285, 20.460108, 183.0, 4.23, 4.92, 0.93, 0.93, 1.190021, 201.91402
8, false, false, 318.99353, 44.810295, 20.460084, 182.0, 4.23, 4.92, 0.87, 0.87, 2.1998792, 204.11389
7, false, false, 307.07336, 44.810298, 20.460063, 182.0, 4.23, 4.92, 1.5, 1.5, 1.6943605, 205.80826
7, false, false, 311.72607, 44.810302, 20.460045, 182.0, 4.23, 4.92, 1.0, 1.0, 1.4916886, 207.29994
6, false, false, 315.93933, 44.810312, 20.460035, 182.0, 4.23, 4.92, 0.75, 0.75, 1.3640857, 208.66403
6, false, false, 320.3833, 44.810322, 20.460027, 182.0, 4.23, 4.92, 1.12, 1.12, 1.278846, 209.94287
6, false, false, 320.44373, 44.810329, 20.460018, 182.0, 4.23, 4.92, 0.87, 0.87, 1.0545181, 210.99739
6, false, false, 323.3551, 44.810331, 20.460006, 181.0, 4.23, 4.92, 1.18, 1.18, 0.97494996, 211.97234
